-6.0529 1.3692 0.3537
-6.8371 1.4457 0.4013
-6.8197 1.4439 0.3397
-6.5845 1.4249 0.3536
-7.0368 1.4655 0.3817
-6.2614 1.3892 0.3878
-6.2830 1.3932 0.3296
-6.7084 1.4363 0.3645
-6.6245 1.4255 0.4155
-6.6661 1.4290 0.3856
-7.0770 1.4743 0.3860
-6.7344 1.4391 0.3859
-6.7931 1.4453 0.3726
-6.9123 1.4591 0.3628
-6.4018 1.4000 0.3917
-6.9223 1.4576 0.3782
-6.3541 1.3997 0.3818
-7.0477 1.4675 0.3792
-7.1831 1.4810 0.3792
-6.8658 1.4528 0.3568
-6.3556 1.4015 0.3177
-6.9607 1.4603 0.3573
-6.2397 1.3853 0.3497
-6.6825 1.4333 0.3452
-6.2493 1.3847 0.3985
-6.9704 1.4559 0.3885
-7.0073 1.4652 0.3473
-6.1202 1.3790 0.3888
-6.6364 1.4275 0.3675
-7.0897 1.4696 0.3355
-6.0783 1.3719 0.3698
-6.9119 1.4568 0.3636
-6.9075 1.4548 0.3753
-6.7512 1.4380 0.3580
-6.7257 1.4381 0.3372
-6.2772 1.3920 0.3775
-6.3801 1.4030 0.3739
-6.0894 1.3723 0.3596
-6.5975 1.4270 0.3283
-7.0322 1.4663 0.3706
-6.9443 1.4567 0.3580
-6.4216 1.4131 0.3819
-6.6192 1.4260 0.3457
-6.9188 1.4574 0.3691
-6.9017 1.4528 0.3285
-6.7707 1.4371 0.3741
-7.4725 1.5116 0.3396
-6.8091 1.4443 0.3267
-6.8288 1.4493 0.3488
-6.7181 1.4350 0.3618
-6.2288 1.3911 0.3385
-6.5665 1.4174 0.3994
-6.8824 1.4534 0.3457
-6.9762 1.4611 0.3707
-6.5329 1.4187 0.3563
-5.8983 1.3552 0.3509
-6.1725 1.3807 0.3937
-6.5431 1.4184 0.3714
-6.3591 1.4016 0.3591
-6.4623 1.4111 0.3838
-6.5428 1.4168 0.3792
-6.8421 1.4493 0.3975
-6.9675 1.4626 0.3429
-6.5706 1.4220 0.3546
-7.3065 1.4917 0.3271
-6.6642 1.4283 0.4229
-6.8409 1.4476 0.3491
-6.2816 1.3949 0.3572
-7.0760 1.4665 0.3262
-6.5026 1.4113 0.3425
-7.3872 1.4994 0.3859
-6.3105 1.3943 0.3527
-5.8566 1.3517 0.3951
-6.6260 1.4252 0.3718
-7.3170 1.4979 0.3093
-7.0594 1.4667 0.3886
-6.5281 1.4165 0.3436
-7.1042 1.4705 0.3571
-7.0330 1.4679 0.3851
-6.8181 1.4490 0.3728
-6.3567 1.4013 0.3660
-6.8023 1.4458 0.3794
-7.1033 1.4752 0.3433
-6.0395 1.3659 0.3430
-6.6895 1.4319 0.3595
-6.1274 1.3818 0.3226
-6.7147 1.4376 0.3541
-7.3205 1.4960 0.3455
-6.5720 1.4242 0.3635
-6.4986 1.4121 0.3572
-6.9774 1.4584 0.4047
-6.6903 1.4310 0.3964
-6.8057 1.4420 0.3866
-5.8771 1.3529 0.3781
-5.8442 1.3477 0.3886
-6.3525 1.4001 0.3569
-6.7123 1.4334 0.3673
-6.8664 1.4547 0.3882
-6.5552 1.4205 0.3816
-7.0636 1.4695 0.3427
-6.6554 1.4321 0.3792
-7.1475 1.4737 0.3633
-7.2834 1.4930 0.3778
-6.7323 1.4391 0.3852
-6.1856 1.3812 0.3737
-6.7614 1.4415 0.3631
-6.7799 1.4426 0.3632
-7.1246 1.4745 0.3582
-6.8267 1.4419 0.3576
-7.0644 1.4688 0.4207
-7.0897 1.4693 0.3488
-6.8913 1.4527 0.3697
-6.4148 1.4041 0.3645
-6.5051 1.4147 0.3647
-6.2102 1.3859 0.3801
-6.7781 1.4398 0.3619
-6.9082 1.4532 0.3692
-6.9997 1.4642 0.3682
-7.1565 1.4775 0.3653
-6.9513 1.4600 0.3692
-6.6751 1.4329 0.3859
-6.5785 1.4233 0.3278
-6.7873 1.4459 0.3190
-6.8971 1.4555 0.3233
-7.0978 1.4766 0.3498
-6.4935 1.4125 0.3674
-6.2293 1.3878 0.3548
-6.5520 1.4151 0.3601
-6.2570 1.3946 0.3698
-7.2158 1.4852 0.3588
-7.1371 1.4807 0.3505
-6.7485 1.4373 0.3371
-7.2057 1.4816 0.3765
-7.0458 1.4702 0.3943
-7.1797 1.4788 0.3512
-6.8352 1.4493 0.3697
-6.6752 1.4324 0.3579
-7.1178 1.4761 0.3728
-6.3340 1.3995 0.3415
-6.3463 1.4010 0.3711
-6.7243 1.4339 0.3448
-6.3801 1.4043 0.3566
-6.3987 1.4065 0.4058
-6.8313 1.4509 0.3662
-6.3015 1.3924 0.3381
-6.6396 1.4299 0.3354
-6.5520 1.4192 0.3744
-6.7594 1.4389 0.3250
-6.4408 1.4111 0.3627
-6.7765 1.4436 0.3963
-6.5280 1.4196 0.3350
-6.7352 1.4353 0.3426
-6.7070 1.4284 0.3603
-6.4538 1.4104 0.3739
-6.4633 1.4142 0.3246
-6.5578 1.4198 0.4112
-7.3185 1.4924 0.3783
-7.4045 1.5000 0.3868
-6.6438 1.4350 0.3941
-6.7664 1.4396 0.3819
-6.3553 1.4033 0.3728
-6.7995 1.4463 0.3582
-5.8302 1.3482 0.3680
-6.3321 1.4000 0.3262
-6.8574 1.4496 0.3570
-6.1214 1.3770 0.3905
-7.0237 1.4713 0.4001
-7.0041 1.4644 0.3566
-6.9025 1.4537 0.3975
-6.8288 1.4501 0.3845
-6.0160 1.3677 0.3709
-6.5635 1.4232 0.3886
-6.6685 1.4303 0.3907
-6.6989 1.4343 0.3857
-6.9873 1.4590 0.3967
-7.1077 1.4686 0.3734
-6.9191 1.4534 0.3436
-7.2223 1.4885 0.3750
-6.5123 1.4166 0.3941
-6.1200 1.3757 0.3790
-6.1777 1.3863 0.3662
-6.1606 1.3838 0.3863
-6.7474 1.4374 0.3348
-6.9448 1.4595 0.3432
-6.3621 1.4008 0.3452
-6.6103 1.4216 0.3437
-6.2367 1.3901 0.3823
-6.9445 1.4631 0.3537
-6.8362 1.4500 0.3595
-6.3672 1.4024 0.3431
-6.9104 1.4528 0.3741
-6.4334 1.4091 0.3734
-6.7435 1.4381 0.4174
-7.1348 1.4747 0.3638
-6.6457 1.4313 0.3704
-6.4521 1.4079 0.3887
-6.8627 1.4514 0.3491
-7.0194 1.4625 0.3529
-6.4618 1.4120 0.3485
-6.3174 1.4017 0.3597
-7.3620 1.5004 0.3729
-6.0915 1.3773 0.3491
-6.9783 1.4591 0.3784
-7.0266 1.4711 0.3148
-6.4964 1.4117 0.3496
-7.7505 1.5375 0.3403
-6.8676 1.4490 0.4243
-6.5673 1.4234 0.3339
-6.5044 1.4174 0.3896
-6.7149 1.4330 0.3741
-6.6891 1.4330 0.3677
-7.3941 1.5039 0.3600
-6.4727 1.4137 0.3547
-6.4978 1.4118 0.3910
-6.7814 1.4455 0.4017
-6.5598 1.4240 0.3608
-6.7095 1.4330 0.3557
-6.1766 1.3855 0.3578
-6.7383 1.4392 0.3698
-6.9654 1.4632 0.3405
-6.5668 1.4188 0.3332
-6.2111 1.3866 0.3485
-6.7078 1.4332 0.3490
-6.2973 1.3913 0.3644
-6.7045 1.4399 0.3854
-7.0736 1.4715 0.3491
-6.8653 1.4469 0.3981
-6.4949 1.4120 0.3535
-6.8501 1.4480 0.3531
-6.8761 1.4544 0.3407
-7.1790 1.4849 0.3946
-6.4877 1.4154 0.3520
-6.4355 1.4076 0.3602
-6.7278 1.4372 0.3419
-7.3172 1.4935 0.3810
-7.0297 1.4677 0.3650
-6.8332 1.4501 0.3303
-6.7212 1.4374 0.3614
-6.9794 1.4612 0.3118
-6.7978 1.4450 0.3559
-6.4483 1.4106 0.3668
-6.9729 1.4592 0.3611
-6.9284 1.4568 0.3776
-7.1714 1.4759 0.3522
-6.4685 1.4141 0.3421
-6.8151 1.4461 0.3805
-6.6595 1.4286 0.3749
-6.9876 1.4620 0.3477
-6.8348 1.4476 0.3425
-6.7617 1.4409 0.3312
-6.3881 1.4055 0.3529
-6.8001 1.4413 0.3607
-6.3378 1.3959 0.3860
-6.3144 1.3951 0.3579
-6.2774 1.3918 0.3706
-6.7433 1.4415 0.3619
-6.5659 1.4257 0.3955
-6.7560 1.4422 0.3408
-7.1253 1.4807 0.3602
-6.0442 1.3750 0.3691
-6.5400 1.4157 0.3257
-6.9169 1.4575 0.3605
-7.2685 1.4901 0.3715
-6.6779 1.4318 0.3406
-5.9037 1.3541 0.3642
-6.9688 1.4590 0.3263
-6.9241 1.4597 0.3556
-6.2373 1.3912 0.3452
-6.9614 1.4577 0.3777
-6.8745 1.4506 0.3884
-7.0159 1.4596 0.3777
-6.7364 1.4393 0.3682
-6.2121 1.3869 0.4041
-6.8226 1.4431 0.3548
-6.9488 1.4600 0.3413
-7.2756 1.4917 0.3655
-7.0287 1.4670 0.3947
-7.2967 1.4960 0.3273
-7.0751 1.4677 0.3133
-6.7284 1.4369 0.3699
-6.0997 1.3751 0.3900
-6.1726 1.3796 0.3881
-6.5504 1.4185 0.3765
-6.7983 1.4480 0.3786
-6.4778 1.4133 0.3861
-7.0446 1.4673 0.3653
-6.9398 1.4574 0.3613
-7.3352 1.4955 0.3611
-5.9378 1.3575 0.3765
-6.2692 1.3986 0.3915
-7.4793 1.5134 0.3786
-6.9848 1.4644 0.3852
-6.7736 1.4377 0.3728
-6.5350 1.4171 0.3654
-6.7664 1.4388 0.3443
-7.2054 1.4819 0.3364
-6.9877 1.4584 0.4097
-7.0491 1.4703 0.3371
-6.6692 1.4349 0.3377
-6.2538 1.3923 0.3640
-7.2201 1.4854 0.4276
-6.8211 1.4470 0.3425
-6.2685 1.3937 0.4063
-7.2892 1.4910 0.3763
-6.7639 1.4444 0.3689
-6.3475 1.4043 0.3429
-6.9532 1.4603 0.3300
-6.9423 1.4641 0.3346
-6.4841 1.4101 0.3747
-6.7163 1.4330 0.3863
-6.8527 1.4453 0.3683
-7.0163 1.4582 0.3708
-7.1909 1.4814 0.4017
-7.4566 1.5063 0.3709
-6.7593 1.4404 0.3773
-6.9082 1.4542 0.3346
-6.6642 1.4329 0.3676
-6.9937 1.4606 0.3757
-7.1064 1.4725 0.3635
-6.7357 1.4408 0.3179
-6.3473 1.4022 0.3687
-6.4614 1.4085 0.3484
-6.7525 1.4407 0.3557
-6.9783 1.4628 0.3302
-6.9095 1.4525 0.3299
-6.9829 1.4628 0.4001
-6.4905 1.4140 0.3525
-6.6274 1.4255 0.3661
-7.0665 1.4693 0.3840
-6.8547 1.4490 0.3616
-6.8151 1.4467 0.3855
-6.4707 1.4128 0.3568
-6.3852 1.4040 0.3618
-6.9941 1.4609 0.3441
-6.0434 1.3690 0.3406
-6.4784 1.4150 0.3733
-6.9151 1.4573 0.3525
-6.7162 1.4350 0.4140
-6.6360 1.4260 0.3395
-5.9520 1.3619 0.3694
-6.7729 1.4376 0.3320
-6.7615 1.4399 0.3561
-6.5687 1.4224 0.3545
-6.4995 1.4133 0.3494
-6.7634 1.4425 0.3755
-6.6064 1.4273 0.4172
-6.3920 1.4014 0.3797
-6.7358 1.4394 0.3353
-6.1110 1.3793 0.3463
-6.4893 1.4131 0.3724
-6.9920 1.4644 0.3276
-6.9887 1.4643 0.3163
-6.5782 1.4243 0.3508
-6.3625 1.4009 0.3379
-6.3023 1.3903 0.3748
-6.8805 1.4487 0.3407
-6.9420 1.4528 0.3648
-6.3551 1.3987 0.4081
-6.7121 1.4393 0.3653
-6.9966 1.4627 0.3759
-7.2499 1.4863 0.3945
-6.7682 1.4385 0.3685
-7.2317 1.4904 0.3629
-7.4844 1.5103 0.3394
-7.0604 1.4708 0.3788
-7.3202 1.4944 0.3920
-6.0421 1.3717 0.3822
-6.3348 1.4009 0.3710
-6.9366 1.4553 0.3824
-6.5036 1.4176 0.3748
-6.9341 1.4603 0.3851
-7.1104 1.4725 0.3851
-6.4930 1.4154 0.3596
-6.8860 1.4539 0.3904
-7.0974 1.4719 0.3933
-6.6002 1.4250 0.4011
-7.0890 1.4707 0.3995
-7.2062 1.4856 0.3368
-6.7401 1.4386 0.3844
-6.9987 1.4648 0.3440
-6.3163 1.3996 0.3976
-6.5846 1.4250 0.3882
-6.7157 1.4332 0.3895
-6.3837 1.4061 0.3705
-6.9855 1.4622 0.3414
-7.0035 1.4593 0.3557
-6.4083 1.4031 0.3460
-6.6528 1.4322 0.3274
-6.9603 1.4592 0.3158
-7.1807 1.4828 0.3814
-6.0022 1.3640 0.3898
-6.6233 1.4254 0.3319
-6.2675 1.3927 0.3408
-6.2578 1.3908 0.3539
-6.9944 1.4598 0.3394
-6.6289 1.4320 0.3714
-7.1127 1.4754 0.3882
-6.2590 1.3901 0.3971
-6.8452 1.4475 0.3474
-6.4474 1.4107 0.3215
-6.5626 1.4183 0.3860
-6.7606 1.4418 0.3633
-6.7256 1.4389 0.3770
-6.4286 1.4093 0.3516
-7.0357 1.4665 0.3808
-7.0286 1.4629 0.3608
-7.1419 1.4768 0.3566
-7.0533 1.4663 0.3809
-6.6252 1.4263 0.3708
-6.7859 1.4420 0.3668
-6.2514 1.3910 0.3380
-6.4227 1.4037 0.3870
-6.5103 1.4183 0.3541
-6.8689 1.4506 0.3808
-7.3872 1.5048 0.3236
-7.2659 1.4887 0.3733
-6.3563 1.3965 0.3657
-6.1727 1.3805 0.3774
-6.2820 1.3925 0.3522
-6.2119 1.3915 0.3603
-6.8997 1.4550 0.3849
-6.3813 1.4022 0.3815
-6.3451 1.3950 0.3656
-7.0670 1.4727 0.3479
-6.7288 1.4373 0.3661
-6.6947 1.4323 0.3638
-6.9696 1.4595 0.3362
-6.5691 1.4234 0.3914
-6.2493 1.3896 0.3852
-6.5844 1.4228 0.3764
-7.1447 1.4734 0.3672
-6.5188 1.4153 0.3476
-6.9954 1.4630 0.3990
-6.3921 1.4034 0.3704
-6.4638 1.4085 0.3444
-7.1653 1.4819 0.3598
-6.5122 1.4166 0.4078
-6.6046 1.4257 0.3822
-6.8740 1.4521 0.3431
-6.8447 1.4484 0.3469
-6.7777 1.4442 0.3240
-7.0955 1.4731 0.3805
-7.2630 1.4906 0.3522
-6.5233 1.4192 0.4001
-6.5764 1.4226 0.3470
-7.1749 1.4759 0.3525
-7.1452 1.4796 0.3804
-6.5728 1.4237 0.3586
-6.4203 1.4134 0.3808
-6.9706 1.4563 0.3852
-6.5951 1.4218 0.3782
-7.2541 1.4879 0.4054
-6.1262 1.3765 0.3537
-7.2250 1.4884 0.3367
-6.6139 1.4299 0.3808
-6.6203 1.4265 0.3722
-6.7514 1.4353 0.3768
-6.6801 1.4320 0.3934
-6.4096 1.4049 0.3659
-6.5894 1.4230 0.3933
-6.2779 1.3918 0.3385
-6.6274 1.4267 0.3991
-7.0239 1.4653 0.3568
-6.7047 1.4360 0.3647
-6.0491 1.3687 0.3282
-6.8449 1.4474 0.3468
-6.5279 1.4170 0.3780
-6.4022 1.4046 0.3581
-6.9390 1.4561 0.3652
-6.6273 1.4284 0.3729
-6.4837 1.4125 0.3560
-6.6255 1.4258 0.3537
-7.4567 1.5069 0.3634
-6.8098 1.4460 0.3690
-6.8785 1.4524 0.3410
-6.8823 1.4502 0.3732
-6.5569 1.4193 0.3910
-6.5178 1.4156 0.4304
-7.0315 1.4659 0.3591
-6.7007 1.4348 0.3493
-6.3939 1.4029 0.3711
-6.7300 1.4336 0.3678
-7.3986 1.5035 0.3220
-6.8572 1.4445 0.3639
-5.7257 1.3382 0.3853
-6.7800 1.4420 0.3523
-6.8551 1.4556 0.3651
-6.5032 1.4163 0.3763
-6.5178 1.4205 0.3493
-6.5378 1.4170 0.3376
-6.7359 1.4358 0.3809
-6.8625 1.4535 0.3607
-7.1545 1.4823 0.4018
-6.1282 1.3806 0.3733
-6.6398 1.4301 0.3537
-6.3778 1.4008 0.3372
-6.5532 1.4179 0.3406
-6.5305 1.4195 0.3654
-6.5569 1.4185 0.3380
-7.0793 1.4757 0.3732
-6.8791 1.4501 0.3770
-7.0588 1.4685 0.3765
-6.5242 1.4197 0.3676
-6.4925 1.4112 0.3277
-6.5264 1.4141 0.3703
-6.8811 1.4508 0.3512
-7.2760 1.4894 0.3989
-7.2973 1.4929 0.3945
-6.9734 1.4594 0.3707
-6.6589 1.4318 0.3854
-6.7981 1.4439 0.4096
-6.7213 1.4384 0.3531
-6.6857 1.4368 0.3862
-7.1089 1.4755 0.3515
-6.3518 1.3997 0.4077
-6.8151 1.4490 0.3630
-7.2132 1.4838 0.3705
-6.3942 1.4053 0.3832
-7.6973 1.5281 0.3600
-6.7285 1.4408 0.3819
-6.5366 1.4187 0.3494
-6.9797 1.4645 0.3197
-6.6425 1.4289 0.3926
-6.9607 1.4594 0.3695
-6.7232 1.4344 0.3776
-7.0530 1.4676 0.3509
-7.0972 1.4717 0.3780
-7.2637 1.4893 0.3593
-6.8361 1.4522 0.3805
-6.8224 1.4464 0.3829
-7.3140 1.4937 0.3093
-7.1463 1.4766 0.4028
-6.8709 1.4520 0.3395
-6.8489 1.4468 0.3561
-6.3762 1.4034 0.3442
-6.9301 1.4519 0.3447
-6.5878 1.4220 0.3565
-6.8913 1.4492 0.3608
-6.5280 1.4158 0.3677
-5.8533 1.3502 0.3452
-6.1512 1.3831 0.3606
-7.2095 1.4812 0.3335
-6.7658 1.4388 0.4080
-6.4956 1.4146 0.3543
-7.1900 1.4805 0.3812
-6.5855 1.4223 0.3458
-6.5350 1.4173 0.3430
-6.5891 1.4187 0.4000
-7.1541 1.4792 0.3797
-6.1995 1.3862 0.3687
-7.1332 1.4821 0.3490
-6.8910 1.4508 0.3864
-6.9593 1.4557 0.3988
-6.6891 1.4358 0.3908
-7.1383 1.4778 0.3233
-6.4978 1.4150 0.3624
-7.5090 1.5096 0.3552
-6.7388 1.4394 0.3920
-6.9677 1.4598 0.3735
-6.5633 1.4203 0.3755
-6.7430 1.4388 0.3960
-6.5948 1.4263 0.3729
-6.6320 1.4235 0.3883
-6.0437 1.3712 0.3531
-6.9587 1.4594 0.3757
-7.2463 1.4915 0.3646
-6.7086 1.4351 0.3753
-6.8029 1.4453 0.3604
-6.6721 1.4349 0.3431
-7.0473 1.4679 0.3472
-6.8429 1.4489 0.3347
-5.4925 1.3150 0.3662
-6.5792 1.4255 0.3705
-7.4011 1.5056 0.4073
-6.6469 1.4315 0.3598
-6.8139 1.4471 0.3202
-6.1874 1.3796 0.3728
-7.0713 1.4721 0.3736
-6.9431 1.4589 0.3483
-6.7547 1.4398 0.3995
-6.8793 1.4536 0.3596
-6.6358 1.4299 0.3843
-6.2086 1.3852 0.3305
-6.1318 1.3821 0.3782
-6.7857 1.4407 0.3563
-6.1794 1.3826 0.3481
-6.6705 1.4333 0.3371
-7.3872 1.5023 0.3605
-6.7119 1.4377 0.3259
-7.0854 1.4723 0.3468
-7.0295 1.4655 0.3657
-6.5821 1.4261 0.3536
-6.8701 1.4492 0.3796
-6.9856 1.4570 0.3688
-6.6593 1.4294 0.3366
-6.6802 1.4291 0.3644
-6.9829 1.4599 0.3616
-5.8453 1.3531 0.3559
-6.5818 1.4224 0.3592
-6.8435 1.4438 0.3353
-6.6661 1.4292 0.3635
-6.8036 1.4486 0.3476
-6.4901 1.4127 0.4084
-6.5204 1.4173 0.3896
-6.8945 1.4507 0.3572
-6.6649 1.4313 0.4075
-6.8866 1.4504 0.3700
-6.6058 1.4260 0.3853
-6.5790 1.4234 0.3738
-7.1535 1.4788 0.3821
-6.7454 1.4404 0.3529
-6.8050 1.4451 0.3642
-6.4980 1.4143 0.3701
-6.4971 1.4126 0.3830
-6.9110 1.4556 0.3803
-6.8632 1.4509 0.3716
-6.5660 1.4209 0.3478
-6.7278 1.4427 0.3738
-6.8680 1.4510 0.4033
-6.4135 1.4096 0.3379
-6.7395 1.4357 0.3501
-6.4946 1.4154 0.3809
-7.0328 1.4665 0.3625
-6.3752 1.3990 0.3600
-6.0575 1.3708 0.3840
-6.8017 1.4404 0.3608
-6.6540 1.4314 0.3738
-6.5254 1.4184 0.3916
-6.8509 1.4505 0.3811
-6.9459 1.4572 0.3518
-6.7081 1.4394 0.3586
-6.8623 1.4522 0.3981
-6.5891 1.4234 0.3782
-6.4032 1.4093 0.3680
-6.7883 1.4442 0.3159
-6.5839 1.4195 0.3675
-7.0608 1.4696 0.4024
-5.9491 1.3582 0.4075
-5.9834 1.3638 0.3786
-6.5231 1.4162 0.3768
-7.0247 1.4725 0.3649
-6.9906 1.4615 0.3622
-6.9535 1.4584 0.3828
-6.5953 1.4255 0.3559
-6.5577 1.4175 0.3746
-6.4866 1.4113 0.4035
-7.0023 1.4666 0.3809
-6.6519 1.4276 0.3365
-6.8365 1.4503 0.3794
-6.6500 1.4302 0.3753
-6.6646 1.4307 0.3703
-6.5520 1.4181 0.3783
-7.1048 1.4722 0.3608
-6.3346 1.3980 0.4092
-6.6520 1.4310 0.3858
-7.1843 1.4789 0.3684
-6.8265 1.4457 0.3719
-7.1039 1.4765 0.3628
-6.1266 1.3778 0.3853
-6.3732 1.4006 0.3796
-6.6554 1.4293 0.4009
-6.3945 1.4045 0.3611
-6.7297 1.4394 0.3744
-5.9614 1.3579 0.3664
-7.3043 1.4894 0.3531
-6.9399 1.4570 0.3541
-6.8032 1.4442 0.4007
-6.7271 1.4364 0.3640
-7.0149 1.4676 0.3827
-6.4952 1.4152 0.3828
-6.0189 1.3700 0.3583
-6.5614 1.4212 0.3577
-6.8053 1.4462 0.3704
-6.4798 1.4136 0.3417
-6.4768 1.4101 0.3158
-6.8910 1.4505 0.3789
-6.0855 1.3727 0.3788
-6.7139 1.4366 0.3653
-6.2459 1.3923 0.4113
-6.2475 1.3897 0.3575
-6.7089 1.4350 0.4142
-6.3312 1.4022 0.3679
-6.0518 1.3711 0.3802
-6.6386 1.4344 0.3794
-6.7047 1.4395 0.3856
-7.3737 1.5045 0.3913
-7.5398 1.5197 0.3645
-6.7730 1.4458 0.3972
-6.8883 1.4575 0.3645
-6.5205 1.4154 0.3391
-7.2308 1.4919 0.3697
-6.9823 1.4590 0.3400
-5.8771 1.3538 0.3283
-7.0270 1.4676 0.3772
-6.7233 1.4373 0.3594
-6.6797 1.4297 0.3714
-6.8308 1.4475 0.3684
-6.5636 1.4219 0.3686
-6.3587 1.3981 0.3729
-7.1898 1.4780 0.3865
-7.2444 1.4870 0.3741
-6.6903 1.4300 0.3934
-6.2163 1.3920 0.3431
-5.9618 1.3615 0.3752
-6.7777 1.4409 0.4016
-7.0814 1.4706 0.3941
-6.6333 1.4263 0.3678
-7.2058 1.4859 0.3643
-6.1902 1.3882 0.3642
-6.5835 1.4231 0.3450
-6.8072 1.4460 0.4034
-6.9916 1.4608 0.3653
-6.5089 1.4147 0.3809
-6.9661 1.4647 0.3638
-6.4263 1.4102 0.3444
-6.5244 1.4190 0.3437
-5.9586 1.3604 0.3981
-6.9416 1.4575 0.3606
-6.4651 1.4092 0.3909
-6.0355 1.3700 0.3825
-6.3939 1.4051 0.3583
-6.4573 1.4119 0.3578
-6.7229 1.4381 0.3428
-7.0404 1.4712 0.3556
-6.6246 1.4298 0.4002
-6.6009 1.4248 0.3796
-5.9681 1.3614 0.3805
-6.9447 1.4598 0.3767
-6.6099 1.4234 0.3527
-7.1094 1.4762 0.3520
-7.4284 1.5094 0.3694
-7.0203 1.4632 0.3591
-6.4860 1.4182 0.3942
-6.5001 1.4162 0.3376
-6.9839 1.4643 0.3644
-6.8999 1.4554 0.3841
-6.7605 1.4415 0.3793
-6.5049 1.4125 0.3881
-6.7642 1.4412 0.3664
-7.0041 1.4645 0.3737
-6.6159 1.4299 0.3421
-6.7672 1.4414 0.3284
-7.2649 1.4909 0.3232
-7.7463 1.5371 0.3076
-6.7473 1.4402 0.3474
-6.0313 1.3694 0.3602
-6.3969 1.4041 0.3604
-6.4303 1.4093 0.3859
-6.2256 1.3882 0.3788
-6.8394 1.4512 0.3678
-6.6608 1.4337 0.3377
-6.7685 1.4444 0.3514
-6.9055 1.4534 0.3652
-6.9466 1.4599 0.3829
-6.0711 1.3721 0.3554
-6.7291 1.4373 0.3523
-6.1102 1.3788 0.3785
-6.7874 1.4446 0.3758
-6.2335 1.3869 0.3498
-6.8035 1.4459 0.3682
-6.2467 1.3886 0.3460
-6.3364 1.3993 0.3614
-7.2000 1.4856 0.3496
-6.8474 1.4458 0.3704
-6.2865 1.3911 0.3607
-6.4866 1.4110 0.3779
-6.6482 1.4287 0.3650
-6.7314 1.4317 0.3581
-7.4950 1.5094 0.3777
-6.9694 1.4560 0.3529
-7.2131 1.4825 0.3635
-6.5503 1.4200 0.3435
-7.0645 1.4687 0.3756
-7.1366 1.4727 0.3878
-7.2198 1.4889 0.3195
-7.4660 1.5074 0.2996
-6.6677 1.4311 0.3670
-6.6389 1.4301 0.3770
-6.6039 1.4250 0.3585
-7.0136 1.4626 0.3734
-6.4221 1.4060 0.3593
-7.0278 1.4708 0.3833
-6.2543 1.3904 0.3178
-6.3450 1.3976 0.3528
-6.0705 1.3694 0.3272
-7.2973 1.4900 0.3394
-7.2371 1.4867 0.3583
-7.1982 1.4826 0.3701
-7.1429 1.4771 0.3749
-7.0421 1.4736 0.3123
-6.4979 1.4130 0.3796
-6.5665 1.4221 0.3249
-6.9403 1.4571 0.3960
-6.5039 1.4120 0.4093
-6.8129 1.4455 0.3809
-6.8000 1.4443 0.3673
-6.8777 1.4514 0.3532
-6.8726 1.4508 0.3299
-6.5546 1.4174 0.3802
-6.9206 1.4552 0.3526
-6.6882 1.4368 0.3777
-7.3786 1.5024 0.3519
-6.9150 1.4582 0.4020
-6.6184 1.4240 0.3461
-6.5286 1.4155 0.3448
-6.5689 1.4195 0.3795
-6.5720 1.4231 0.3778
-6.8219 1.4443 0.3381
-6.6466 1.4302 0.3816
-7.0656 1.4693 0.3648
-6.6068 1.4268 0.3792
-7.1716 1.4777 0.3777
-6.8539 1.4525 0.3552
-6.4183 1.4061 0.4080
-7.0106 1.4670 0.3602
-6.8477 1.4449 0.3671
-6.3955 1.4056 0.3900
-6.3986 1.4046 0.3800
-6.8093 1.4436 0.3485
-6.5448 1.4190 0.3783
-6.6897 1.4286 0.3237
-6.2427 1.3862 0.4047
-6.4703 1.4087 0.3728
-6.6905 1.4349 0.3567
-6.8139 1.4477 0.3646
-7.4896 1.5111 0.3641
-6.6050 1.4287 0.3807
-6.9461 1.4551 0.3477
-5.7222 1.3410 0.3756
-6.1293 1.3763 0.3711
-7.0585 1.4689 0.3634
-6.5507 1.4196 0.3766
-7.1209 1.4740 0.3371
-6.5673 1.4237 0.3494
-7.1512 1.4769 0.3599
-5.8339 1.3506 0.3786
-6.3671 1.4005 0.3555
-6.8443 1.4485 0.3413
-6.5378 1.4204 0.3637
-6.5720 1.4203 0.3534
-6.8354 1.4476 0.3481
-6.9275 1.4566 0.3547
-6.6869 1.4288 0.3444
-6.5780 1.4223 0.3507
-6.9915 1.4627 0.4105
-6.9412 1.4600 0.3479
-7.2014 1.4816 0.3547
-5.8334 1.3530 0.4053
-7.2267 1.4845 0.3629
-6.5667 1.4206 0.3305
-7.1105 1.4746 0.3505
-7.3155 1.4980 0.3790
-7.4128 1.5018 0.3382
-7.0422 1.4641 0.3522
-6.5001 1.4181 0.3422
-6.2363 1.3914 0.3581
-7.2788 1.4880 0.3712
-6.4073 1.4037 0.3702
-6.4064 1.4072 0.3670
-6.3051 1.3949 0.3793
-6.4616 1.4085 0.3352
-6.7283 1.4392 0.3758
-6.9849 1.4631 0.3406
-6.4483 1.4068 0.3741
-7.0593 1.4709 0.3899
-6.0439 1.3697 0.3647
-6.3166 1.3965 0.3568
-6.6191 1.4233 0.3917
-6.7973 1.4461 0.3604
-6.3058 1.4000 0.3335
-6.9817 1.4643 0.3350
-6.6489 1.4334 0.3595
-6.5921 1.4235 0.3785
-6.5725 1.4244 0.3611
-6.0396 1.3671 0.3776
-6.9350 1.4567 0.3325
-7.2675 1.4904 0.3311
-6.3272 1.4038 0.3991
-7.0428 1.4634 0.3814
-6.2247 1.3888 0.3980
-6.3709 1.4039 0.3460
-6.1449 1.3829 0.3694
-6.7455 1.4371 0.3912
-6.5609 1.4183 0.3820
-6.8098 1.4460 0.3744
-6.6938 1.4327 0.3582
-7.3596 1.4966 0.3563
-6.8471 1.4517 0.3529
-6.6546 1.4294 0.3305
-6.9433 1.4594 0.3623
-6.8579 1.4505 0.3645
-6.3537 1.3994 0.3544
-6.7726 1.4400 0.3508
-7.4068 1.5035 0.4087
-5.9230 1.3553 0.3523
-7.0677 1.4689 0.3573
-6.6626 1.4295 0.3797
-6.8106 1.4451 0.3738
-6.5604 1.4208 0.3443
-6.6179 1.4288 0.3675
